PC 207

Vervoer

CAO van 15 januari 2020 gesloten in het Paritair Comité voor de bedienden uit de scheikundige nijverheid betreffende het vervoer van de werknemers

ARTIKEL 1 — Toepassingsgebied

Deze CAO is van toepassing op de

werkgevers van de ondernemingen welke

ressorteren onder het Paritair Comité voor de bedienden uit de scheikundige nijverheid en

op de bedienden waarvan de functies

opgenomen zijn in de classificatie der

functies opgesteld door dit Paritair Comité,

hierna “de werknemer(s)” genoemd.

Met “werknemer(s) wordt verstaan: de mannelijke en vrouwelijke werknemers.

ARTIKEL 2

De tabel in bijlage van deze CAO vervangt de tabel in bijlage van de CAO van 20 februari 2018 (registratienummer 144987/CO/207), gesloten in het paritair

comité voor de bedienden uit de scheikundige nijverheid betreffende het vervoer van de werknemers.

ARTIKEL 3 - Opheffingsbepalino

De CAO van 16 januari 2019 gesloten in het Paritair Comité voor de bedienden uit de scheikundige nijverheid, betreffende het vervoer van de werknemers

(registratienummer 150624/CO/207), wordt integraal opgeheven en vervangen door onderhavige CAO.

ARTIKEL 4 — Duur

Deze CAO is gesloten voor bepaalde duur. Ze treedt in werking op 1 februari 2020 en eindigt op 30 juni 2020.

Deze CAO zal worden neergelegd ter griffie van de Algemene Directie Collectieve Arbeidsbetrekkingen van de Federale Overheidsdienst Werkgelegenheid, Arbeid en Sociaal Overleg en de algemeen verbindende kracht bij koninklijk besluit wordt gevraagd.

PC 207

Tussenkomst van de werkgevers bij gebruik van een ander vervoermiddel dan het openbaar vervoer

5 nnee nennen 2° Klas nnen £ 1 WEEK 1 MAAND 3 MAANDEN 12 MAANDEN 2020 2020 2020 2020

Prijs Tussenkomst Prijs Tussenkomst Prijs Tussenkomst Prijs Tussenkomst

1-3 | 11,20 7,30 37,00 24,15 104,00 67,95 372,00 243,05 4 12,10 7,90 40,50 26,45 113,00 73,85 405,00 264,60 5 13,10 8,55 43,50 28,40 122,00 79,70 437,00 285,50 6 | 14,00 9,15 46,50 30,40 130,00 84,95 465,00 303,80 7} 14,80 9,65 49,50 32,35 138,00 90,15 493,00 322,10 8 : 15,60 10,20 52,00 33,95 146,00 95,40 521,00 340,40 9 | 16,50 10,80 55,00 35,95 154,00 100,60 549,00 358,70 10 | 17,30 11,30 58,00 37,90 162,00 105,85 577,00 376,95 11 | 18,20 12,00 61,00 40,15 169,00 411,20 605,00 398,10 12} 19,00 12,50 63,00 - 41,45 177,00 116,45 633,00 416,50 13 | 19,80 13,10 66,00 43,75 185,00 122,60 661,00 438,00 14} 20,70 13,70 69,00 45,70 193,00 127,90 689,00 456,60 15 | 21,50 14,25 72,00 47,70 201,00 133,20 717,00 475,15 16 ! 22,40 14,90 75,00 49,90 209,00 139,00 745,00 495,45 17 | 23,20 15,45 77,00 51,20 216,00 143,65 773,00 514,05 18 | 24,00 15,95 80,00 53,20 224,00 148,95 801,00 532,65 19 : 24,90 16,60 83,00 55,40 232,00 154,80 829,00 553,20 20 À! 25,50 17,00 86,00 57,40 240,00 160,15 857,00 571,90 21 | 26,50 17,70 88,00 58,75 248,00 165,50 885,00 590,60 22 27,50 18,40 91,00 60,95 256,00 171,45 913,00 611,40 23 } 28,00 18,80 94,00 63,15 263,00 176,75 941,00 632,35 24 | 29,00 19,50 97,00 65,20 271,00 182,10 969,00 651,15 25 | 30,00 20,15 100,00 67,20 279,00 187,50 997,00 670,00 26 | 30,50 20,55 102,00 68,80 287,00 193,55 1025,00 691,20 27 : 31,50 21,25 105,00 70,80 295,00 198,95 1053,00 710,05 28 | 32,50 21,90 108,00 72,85 303,00 204,30 1081,00 728,95 29 ! 33,50 22,60 111,00 74,85 310,00 209,05 1109,00 747,85 30 | 34,00 22,95 114,00 76,85 318,00 214,45 1137,00 766,70 31-33 | 35,50 24,10 118,00 80,10 331,00 224,75 1182,00 802,60 34-36 | 37,50 25,80 125,00 86,05 350,00 240,90 1251,00 861,10 37-39 | 39,50 27,45 132,00 91,80 370,00 257,25 1320,00 917,85 40-42 | 41,50 29,10 139,00 97,45 389,00 272,75 1388,00 973,20 43-45 | 43,50 30,85 146,00 103,55 408,00 289,40 1457,00 1033,50 46-48 | 46,00 _ 32,85 153,00 109,25 427,00 304,90 1526,00 1089,55 49-51 | 48,00 34,55 159,00 114,45 446,00 321,05 1594,00 1147,40 52-54 | 49,50 35,80 164,00 118,65 460,00 332,75 1643,00 1188,45 55-57 | 51,00 36,90 169,00 122,25 474,00 342,85 1692,00 1223,90 58-60 ! 52,00 37,85 174,00 126,65 487,00 354,55 1741,00 1267,45 61-65 | 54,00 39,30 181,00 131,75 506,00 368,35 1806,00 1314,75 66-70 | 57,00 41,70 189,00 138,25 529,00 386,95 1888,00 1381,05 71-75 ! 59,00 43,30 197,00 144,55 551,00 404,35 1969,00 1444,90 76-80 | 62,00 45,55 205,00 150,70 574,00 421,90 2050,00 1506,75 81-85 | 64,00 47,25 : 213,00 157,30 597,00 440,90 2132,00 1574,50 86-90 | 66,00 48,80 221,00 163,45 620,00 458,60 2213,00 1636,90 91-95 | 69,00 51,30 229,00 170,20 643,00 417,85 2295,00 1705,55 96-100 | 71,00 52,75 238,00 176,85 665,00 494,20 2376,00 1765,75

DC Dent ut Dé Da D PP Po ot dt

91-95 96-100 101-105 106-110 111-115 116-120 121-125 126-130 131-135 136-140 141-145 146-150 151-155 | 156-160 } 161-165 | 166-170 | 171-175 176-180 181-185 186-190 191-195 195-200

ame ne EE OE ht a ha St a ant at mf att a jat a en a nt B EE DE Ed bn at ant ant bt pn ant a nt pn

Korn no va er

69,00 71,00 74,00 76,00 79,00 81,00 84,00 86,00 88,00 91,00 93,00 97,00 98,00 101,00 103,00 106,00 108,00 110,00 113,00 115,00 118,00 120,00

51,30 52,75 55,15 56,85 59,15 60,95 63,20 64,80 66,55 68,80 70,30 73,45 74,20 76,45 78,00 80,25 81,75 83,30 85,55 87,05 89,35 90,85

229,00 238,00 246,00 254,00 262,00 270,00 278,00 287,00 295,00 303,00 311,00 322,00 327,00 335,00 344,00 352,00 360,00 368,00 376,00 384,00 392,00 401,00

170,20 176,85 183,40 189,95 196,25 203,20 209,20 216,30 223,00 229,05 235,10 243,80 247,60 253,65 260,45 266,50 272,60 278,65 284,70 290,75 296,80 303,60

643,00 665,00 688,00 711,00 734,00 757,00 779,00 802,00 825,00 848,00 871,00 903,00 916,00 939,00 962,00 985,00 1008,00 1030,00 1053,00 1076,00 1099,00 1122,00

477,85 494,20 512,90 531,70 549,75 569,65 586,20 604,45 623,70 641,10 658,50 683,70 693,55 711,00 728,40 745,80 763,20 779,90 797,30 814,70 832,15 849,55

2295,00 2376,00 2458,00 2539,00 2621,00 2702,00 2784,00 2865,00 2947,00 3028,00 3110,00 3224,00 3272,00 3354,00 3435,00 3517,00 3598,00 3680,00 3761,00 3843,00 3924,00 4006,00

1705,55 1765,75 1832,45 1898,75 1963,15 2033,25 2094,95 2159,25 2227,95 2289,15 2351,15 2441 10 2477,45 2539,55 2600,85 2662,95 2724,30 2786,35 2847,70 2909,80 2971,10 3033,20
