Neerlegging-Dépôt: 11/02/2019 | Regist.-Enregistr.: 20/02/2019 | N°: 150624/CO/207 |

Transport

CCT conclue le 16 janvier 2019 au sein de la Commission Paritaire pour employés de l'industrie chimique, relative au remplacement de l'annexe de la CCT conclue le 20 février 2018 au sein de la Commission Paritaire pour employés de l'industrie chimique, concernant le transport des employés.

Article 1” - La présente CCT s'applique aux

employeurs des entreprises ressortissant à la

Commission Paritaire pour employés de

l'industrie chimique ainsi qu'aux employés qu'ils

occupent et dont les fonctions sont reprises

dans la classification des fonctions fixée par cette Commission Paritaire. Article 2.- Le tableau en annexe de cette

CCT remplace celui en annexe de la CCT conclue le 20 février 2018 (numéro d'enregistrement 144987/C0/207) au sein de la Commission Paritaire pour employés de l'industrie chimique, concernant le transport des | employés.

Article 3.- La présente CCT entre en vigueur le 1” février 2019 et est conclue pour une durée indéterminée.

Elle peut être dénoncée par chacune des parties moyennant un préavis de trois mois adressé par lettre recommandée au président de la Commission Paritaire pour employés de | l'industrie chimique. Le délai de trois mois prend cours à partir de la date à laquelle la lettre recommandée est envoyée au président, le cachet de la poste faisant foi.

Elle sera déposée au Greffe de la Direction générale Relations collectives de travail du Service public fédéral Emploi, Travail et Concertation Sociale et la force obligatoire par arrêté royal est demandée.

D

ROUES

136-140 141-145 146-150 151-155 156-160 161-165 166-170 171-175 176-180 181-185 186-190 191-195 196-200

De nt nt out vd a a te tt

nt tn mn et tat nr ga at ba an an nt qu

88,00 91,00 94,00 95,00 98,00 100,00 103,00 105,00 107,00 110,00 112,00 114,00 117,00

66,55 68,80 71,15 71,95 74,20 75,70 78,00 79,50 81,00 83,30 84,80 86,30 88,60

294,00 302,00 313,00 318,00 326,00 334,00 342,00 350,00 358,00 366,00 374,00 381,00 389,00

222,25 228,30 237,00 240,80 246,85 252,90 258,95 265,00 271,05 277,10 283,20 288,50 294,55

824,00

846,00

877,00 891,00 913,00 935,00 957,00 979,00 1002,00 1024,00 1046,00 1068,00 1090,00

622,95 639,60 664,05 674,65 691,30 707,95 724,60 741,25 758,70 775,35 792,00 808,65 825,30

2944,00 3023,00 3134,00

3181,00

3260,00 3340,00 3419,00 3498,00 3577,00 3656, 00 3736,00 3815,00 3894,00

2225,65 2285,40 2372,95 2408,55 2468,35 2528,95 2588,75 2648,55 2708,40 2768,20 2828,75 28388,60 2948,40

L'intervention de l'employeur lors de l'utilisation de moyens de transport autres que les transports en commun publics

RE 2° classe nn Distance 1 SEMAINE 4 MOIS 3 MOIS 12 MOIS 2019 2019 2019 2019 Prix Intervention Prix Intervention Prix Intervention Prix Intervention 1-3 : 10,80 7,05 36,00 23,50 101,00 66,00 361,00 235,85 4 11,80 7,70 39,50 25,80 110,00 71,85 393,00 256,75 5 | 12,80 8,35 42,50 27,75 119,00 71,75 425,00 277,65 6 : 13,60 8,90 45,00 29,40 127,00 82,95 452,00 295,30 74 14,40 9,40 48,00 31,35 134,00 87,55 480,00 313,60 8 ! 15,20 9,95 51,00 33,30 142,00 92,75 507,00 331,25 9 16,00 10,45 53,00 34,65 150,00 98,00 534,00 348,90 10 | 16,80 11,00 56,00 36,60 157,00 102,55 561,00 366,50 11} 17,70 11,65 59,00 38,80 165,00 108,55 588,00 386,90 12} 18,50 12,15 62,00 40,80 172,00 113,20 616,00 405,35 13 3 19,30 12,80 64,00 42,40 180,00 119,30 643,00 426,10 14 | 20,10 13,30 67,00 44,40 188,00 124,60 670,00 444,00 15 20,90 13,85 70,00 46,40 195,00 129,20 697,00 461,90 16 | 21,70 14,45 72,00 47,90 203,00 135,00 724,00 481,45 17 | 22,50 14,95 75,00 49,90 210,00 139,65 752,00 500,10 18 | 23,40 15,55 78,00 51,85 218,00 144,95 779,00 518,05 19 4 24,20 46,15 81,00 54,05 226,00 150,80 806,00 537,85 20 | 25,00 16,70 83,00 55,40 233,00 155,50 833,00 555,90 21} 26,00 17,35 86,00 57,40 241,00 160,85 860,00 573,90 22 | 26,50 17,75 89,00 59,60 248,00 166,10 887,00 594,00 23 | 27,50 18,50 91,00 61,15 256,00 172,05 915,00 614,90 24 | 28,50 19,15 94,00 63,15 264,00 177,40 942,00 633,00 25 : 29,00 19,50 97,00 65,20 271,00 182,10 969,00 651,15 26 | 30,00 20,25 100,00 67,45 279,00 188,15 996,00 671,65 27 | 30,50 20,55 102,00 68,80 287,00 193,55 1023,00 689,85 28 ! 31,50 21,25 105,00 70,80 294,00 198,25 1051,00 708,70 29 | 32,50 21,90 108,00 72,85 302,00 203,65 1078,00 726,95 30 ! 33,00 22,25 110,00 74,20 309,00 208,35 1105,00 745,15 31-33 34,50 23,45 115,00 78,10 322,00 218,65 1149,00 780,15 34-36 | 36,50 25,10 122,00 84,00 341,00 234,70 1216,00 837,00 37-39 | 38,50 26,75 128,00 89,00 359,00 249,60 1283,00 892,10 40-42 | 40,50 28,40 135,00 94,65 378,00 265,05 1350,00 946,60 43-45 ! 42,50 30,15 142,00 400,75 397,00 281,60 1416,00  1004,40 46-48 : 44,50 31,75 148,00 105,65 415,00 296,30 1483.00  1058,85 49-51 | 46,50 33,45 155,00 411,55 434,00 312,40 1550,00  1115,75 52-54 | 48,00 34,70 160,00 115,75 447,00 323,35 1597,00 _ 1155,15 55-57 | 49,50 35,80 164,00 118,65 461,00 333,45 1645,00  1189,90 58-60 ! 51,00 37,15 169,00 123,05 474,00 345,05 1692,00  1231,80 61-65 | 53,00 38,60 176,00 128,15 492,00 358,20 1756,00  1278,35 66-70 | 55,00 40,25 183,00 133,85 514,00 376,00 1835,00  1342,30 71-75 | 57,00 41,85 191,00 440,15 536,00 393,35 1914,00  1404,55 76-80 | 60,00 44,10 199,00 146,25 558,00 410,15 1993,00  1464,85 81-85 | 62,00 45,80 207,00 152,85 580,00 428,35 2072,00  1530,15 86-90 : 65,00 48,10 215,00 159,05 602,00 445,30 2152,00  1591,75 91-95 ! 67,00 49,80 223,00 165,75 625,00 464,50 2231,00  1658,00 96-100 | 69,00 51,30 231,00 171,65 647,00 480,85 2310,00  1716,70 101-105 | 72,00 53,70 239,00 178,15 669,00 498,75 2389,00  1781,00 106-110 | 74,00 55,35 247,00 184,70 691,00 516,75 2468.00  1845,65 111-115 : 76,00 56,90 255,00 191,00 713,00 534,05 2548,00  1908,45 116-120 : 79,00 59,45 263,00 197,90 736,00 553,85 2627,00  1976,80 121-125 | 81,00 60,95 271,00 203,95 758,00 570,40 2706,00  2036,25

126-130 131-135 136-140 141-145 146-150 151-155 156-160 161-165 166-170 171-175 176-180 181-185 186-190 191-195 196-200

EE pu um nt Det DE DA De mu

+ = et tn nn on ot a a et a a nt En mn be a ha oo

84,00 86,00 88,00 91,00 94,00 95,00 98,00 100,00 103,00 105,00 107,00 110,00 112,00 114,00 117,00

_63,30

65,00 66,55 68,80 71,15 71,95 74,20 75,70 78,00 79,50 81,00 83,30 84,80 86,30 88,60

279,00 286,00 294,00 302,00 313,00 318,00 326,00 334,00 342,00 350,00 358,00 366,00 374,00 381,00 389,00

210,25 216,20 222,25 228,30 237,00 240,80 246,85 252,90 258,95 265,00 271,05 277,10 283,20 288,50 294,55

780,00 802,00 824,00 846,00 877,00 891,00 913,00 935,00 957,00 979,00 1002,00 1024,00 1046,00 1068,00 1090,00

587,85 606,30 622,95 639,60 664,05 674,65 691,30 707,95 724,60 741,25 758,70 715,35 792,00 808,65 825,30

2785,00 2864,00 2944,00 3023,00

3134,00 3181,00 3260,00 3340,00 3419,00 3498,00 3577,00 3656,00 3736,00 3815,00 3894,00

2098,95 2165,20 2225,65 2285,40 2372,95 2408,55 2468,35 2528,95 2588,75 2648,55 2708,40 2768,20 2828,75 2888,60 2948,40
