Vervoer

CAO van 16 januari 2019, gesloten in het Paritair Comité voor de bedienden uit de scheikundige nijverheid, tot vervanging van de bijlage bij de CAO van 20 februari 2018, gesloten in het Paritair Comité voor de bedienden uit de scheikundige nijverheid, betreffende het vervoer van de bedienden.

Artikel 1. - Deze CAO is van toepassing op de werkgevers van de ondernemingen welke ressorteren onder het Paritair Comité voor de bedienden uit de scheikundige nijverheid en op de bedienden waarvan de functies opgenomen zijn in de classificatie der functies opgesteld door dit Paritair Comité.

Artikel 2. - De tabel in bijlage van deze CAO vervangt de tabel in bijlage van de CAO van 20 februari 2018 (registratienummer 144987/CO/207), gesloten in het Paritair Comité voor de bedienden uit de scheikundige nijverheid, betreffende het vervoer van de bedienden.

Artikel 3. - Deze CAO treedt in werking op

1 februari 2019 en is gesloten voor een onbepaalde tijd.

Zij kan door elk van de partijen worden opgezegd mits een opzeggingstermijn van drie maanden wordt betekend bij een ter post aangetekende brief, gericht aan de voorzitter van het Paritair Comité voor de bedienden uit de scheikundige nijverheid. De termijn van drie maanden begint te lopen vanaf de datum waarop de aangetekende brief aan de voorzitter wordt toegezonden. De poststempel geldt als bewijs.

Deze CAO zal worden neergelegd ter griffie van de Algemene Directie Collectieve Arbeidsbetrekkingen van de Federale Overheidsdienst Werkgelegenheid, Arbeid en Sociaal Overleg en de algemeen verbindende kracht bij koninklijk besluit wordt gevraagd.

Tussenkomst van de werkgevers bij gebruik van een ander vervoermiddel dan het openbaar vervoer

Afstand

30 31-33 34-36 37-39 40-42 43-45 46-48 49-51 52-54 55-57 58-60 61-65 66-70 71-75 76-80 81-85 86-90 91-95 96-100

101-105 106-110 111-115 116-120 121-125 126-130 131-135

ED db vd da Gn an JE B BE B EDT EE EE EE EE GE St GG EE EE BE EE ED DD DV ba Vm Sj a Sit tE RE OE ZE DE Pt QD D tt B BL Bt EE SE DE Dd SP Su tE EE EE PE SI GF Hd BT EE EE D tt om OO DCE Pa D Pt uen en a 2 Dom mt 4 8

nt zt B a at ad a va on on Eb a je _ a vt tg at at at ant a B bt mn a a PPS nt mn Pt bt bn ma an at an a a a a pe

2019

10,80 11,80 12,80 13,60 14,40 15,20 16,00 16,80 17,70 18,50 19,30 20,10 20,90 21,70 22,50 23,40 24,20 25,00 26,00 26,50 27,50 28,50 29,00 30,00 30,50 31,50 32,50 33,00 34,50 36,50 38,50 40,50 42,50 44,50 46,50 48,00 49,50 51,00 53,00 55,00 57,00 60,00 62,00 65,00 67,00 69,00 72,00 74,00 76,00 79,00 81,00 84,00 86,00

Tussenkomst Prijs

7,05

7,70

8,35

8,90

9,40

9,95 10,45 11,00 11,65 12,15 12,80 13,30 13,85 14,45 14,95 15,55 16,15 16,70 17,35 17,75 18,50 19,15 19,50 20,25 20,55 21,25 21,90 22,25 23,45 25,10 26,75 28,40 30,15 31,75 33,45 34,70 35,80 37,15 38,60 40,25 41,85 44,10 45,80 48,10 49,80 51,30 53,70 55,35 56,90 59,45 60,95 63,30 65,00

2019

36,00 . 39,50 42,50

45,00 48,00 51,00 53,00 56,00 59,00 62,00 64,00 67,00 70,00 72,00 75,00 78,00 81,00 83,00 86,00 89,00 91,00 94,00 97,00 100,00 102,00 105,00 108,00 110,00 115,00 122,00 128,00 135,00 142,00 148,00 155,00 160,00 164,00 169,00 176,00 183,00 191,00 199,00 207,00 215,00 223,00 231,00 239,00 247,00: 255,00: 263,00 271,00 279,00 286,00

Tussenkomst Prijs

23,50 25,80 27,75 29,40 31,35 33,30 34,65 36,60 38,80 40,80 42,40 44,40 46,40 47,90 49,90 51,85 54,05 55,40 57,40 59,60 61,15 63,15 65,20 67,45 68,80 70,80 72,85 74,20 78,10 84,00 89,00 94,65 100,75 105,65 111,55 115,75 118,65 423,05 428,15 133,85 140,15 146,25 152,85 159,05 165,75 471,65 178,15 184,70 191,00 197,90 203,95 210,25 216,20

2019

101,00 110,00 119,00 127,00 134,00 142,00 150,00 157,00 165,00 172,00 180,00 188,00 195,00 203,00 210,00 218,00 226,00 233,00 241,00 248,00 256,00 264,00 271,00 279,00 287,00 294,00 302,00 309,00 322,00 341,00 359,00 378,00 397,00 415,00 434,00 447,00 461,00 474,00 492,00 514,00 536,00 558,00 580,00 602,00 625,00 647,00 669,00 691,00 713,00 736,00 758,00 780,00 802,00

3 MAANDEN

Tussenkomst Prijs

66,00

71,85

77,15

82,95

87,55

92,75

98,00 102,55 108,55 113,20 119,30 124,60 129,20 135,00 139,65 144,95 150,80 155,50 160,85 166,10 172,05 177,40 182,10 188,15 193,55 198,25 203,65 208,35 218,65 234,70 249,60 265,05 281,60 296,30 312,40 323,35 333,45 345,05 358,20 376,00 393,35 410,15 428,35 445,30 464,50 480,85 498,75 516,75 534,05 553,85 570,40 587,85 606,30

2019

361,00 393,00 425,00 452,00 480,00 507,00 534,00 561,00 588,00 616,00 643,00 670,00 697,00 724,00 752,00 779,00 806,00 833,00 860,00 887,00 915,00 942,00 969,00 996,00 1023,00 1051,00 1078,00 1105,00 1149,00 1216,00 1283,00 1350,00 1416,00 1483,00 1550,00 1597,00 1645,00 1692,00 1756,00 1835,00 1914,00 1993,00 2072,00 2152,00 2231,00 2310,00 2389,00 2468,00 2548,00 2627,00 2706,00 2785,00 2864,00

12 MAANDEN

‘Tussenkomst

235,85 256,75 277,65 295,30 313,60 331,25 348,90 366,50 386,90 405,35 426,10 444,00 461,90 481,45 500,10 518,05 537,85 555,90 573,90 594,00 614,90 633,00 651,15 671,65 689,85 708,70 726,95 745,15 780,15 837,00 892,10 946,60 1004,40 1058,85 1115,75 1155,15 1189,90 1231,80 1278,35 1342,30 1404,55 1464,85 1530,15 1591,75 1658,00 1716,70 1781,00 1845,65 1908,45 1976,80 2036,25 2098,95 2165,20

136-140 141-145 146-150 151-155 156-160 161-165 166-170 171-175 176-180 181-185 186-190 191-195 196-200

De nt nt out vd a a te tt

nt tn mn et tat nr ga at ba an an nt qu

88,00 91,00 94,00 95,00 98,00 100,00 103,00 105,00 107,00 110,00 112,00 114,00 117,00

66,55 68,80 71,15 71,95 74,20 75,70 78,00 79,50 81,00 83,30 84,80 86,30 88,60

294,00 302,00 313,00 318,00 326,00 334,00 342,00 350,00 358,00 366,00 374,00 381,00 389,00

222,25 228,30 237,00 240,80 246,85 252,90 258,95 265,00 271,05 277,10 283,20 288,50 294,55

824,00

846,00

877,00 891,00 913,00 935,00 957,00 979,00 1002,00 1024,00 1046,00 1068,00 1090,00

622,95 639,60 664,05 674,65 691,30 707,95 724,60 741,25 758,70 775,35 792,00 808,65 825,30

2944,00 3023,00 3134,00

3181,00

3260,00 3340,00 3419,00 3498,00 3577,00 3656, 00 3736,00 3815,00 3894,00

2225,65 2285,40 2372,95 2408,55 2468,35 2528,95 2588,75 2648,55 2708,40 2768,20 2828,75 28388,60 2948,40
